c_ll_ba_0216	0.0000000000	0.3101442431	0.3051327653	0.3092815419	0.3089481101	0.3093994574	0.3048108431	0.3496562584	0.3528565498	0.4175574307	0.5815054671	0.3128076239	0.3139893097	0.3181468157	0.3168392535	0.3154201917	0.3181767418	0.3154356111	0.3161304729	0.3177226235	0.3163980642	0.3149169020	0.3155300513	0.3152272522	0.3146187385	0.3152677611	0.3214056940	0.3170934411	0.3174409250	0.3121169228	0.3206383141	0.3191019029	0.3209836946	0.3221069457	0.3234269101	0.3247687773	0.3248417941	0.3219175892	0.4435621892	0.3641267297	0.3164493172	0.3178661489	0.3179186144	0.3167372011	0.3172683746	0.3163713453	0.3197606365	0.3187503848	0.3505986031	0.3466672037	0.3405853666	0.3369248576	0.3425750038	0.3426120163	0.3431610911	0.3415790003	0.3578868143	0.3486362269	0.3522676748	0.3483920598	0.3498481004	0.3517400531	0.3528577565	0.3515870672	0.3474214532	0.3470530025	0.3466151442	0.3449103390	0.3446999158	0.3467498572	0.3395497065	0.3499874249	0.2634034116	0.2983759487
c_ll_cr_0205	0.3101442431	0.0000000000	0.1950082843	0.1880621219	0.1656747153	0.1889931926	0.1606711360	0.2869147180	0.2852374268	0.3677223555	0.5633932229	0.2243225883	0.2388952164	0.2371239010	0.2440101510	0.2403937409	0.2445438602	0.2403756425	0.2348850319	0.2367738304	0.2335736859	0.2414824303	0.2327184256	0.2398723574	0.2352677129	0.2319286052	0.2388852661	0.2398573849	0.2349647068	0.2345792870	0.2505130701	0.2490686823	0.2504356770	0.2515779941	0.2557064008	0.2457884267	0.2500310521	0.2536889724	0.3986895171	0.3020885202	0.2356484327	0.2345101695	0.2337753086	0.2379197292	0.2380582078	0.2395557372	0.2501044912	0.2371396355	0.2802274509	0.2860626106	0.2653882262	0.2703548682	0.2712492299	0.2694554471	0.2688224983	0.2784881325	0.2874040929	0.2809047192	0.2950868601	0.2908771065	0.2794895851	0.2888604821	0.2907955965	0.2896259197	0.2804242476	0.2841538630	0.2802611310	0.2778569150	0.2792913377	0.2818846789	0.2684202273	0.2798575309	0.2673390141	0.3150548033
c_ll_cr_0206	0.3051327653	0.1950082843	0.0000000000	0.1693491209	0.1981504218	0.1694116513	0.1883486770	0.2844068136	0.2912553503	0.3644975990	0.5631801536	0.2355558510	0.2414858900	0.2471381228	0.2434619607	0.2440631062	0.2456182200	0.2429948048	0.2431331803	0.2456092866	0.2431396292	0.2430391866	0.2441230672	0.2418335158	0.2375981295	0.2410026905	0.2479538636	0.2416640588	0.2448826711	0.2359515167	0.2499811906	0.2489595963	0.2502249073	0.2502823653	0.2553426570	0.2540077819	0.2563025324	0.2514627748	0.3977553603	0.3068300157	0.2398259214	0.2449028873	0.2454601865	0.2414268673	0.2424690822	0.2419180663	0.2542296916	0.2473256484	0.2878849333	0.2857716210	0.2740494668	0.2691740499	0.2768101630	0.2757123349	0.2759984728	0.2756875964	0.2938214211	0.2874896985	0.2916506542	0.2883975884	0.2865666308	0.2863889732	0.2885730265	0.2885194198	0.2804522950	0.2822783814	0.2794053775	0.2779089010	0.2772251790	0.2789119878	0.2696327971	0.2845249280	0.2629419845	0.3161840387
c_ll_cr_0207	0.3092815419	0.1880621219	0.1693491209	0.0000000000	0.1928746957	0.1269757068	0.1912002863	0.2880793046	0.2861806487	0.3696403158	0.5687196617	0.2287137771	0.2432784547	0.2406184846	0.2460548518	0.2444037370	0.2483217653	0.2432479258	0.2365525375	0.2391745524	0.2379237080	0.2441614216	0.2388911818	0.2433061570	0.2387267236	0.2361534384	0.2403852698	0.2443537379	0.2381757560	0.2385433452	0.2519497685	0.2517793772	0.2532861615	0.2536407450	0.2552328449	0.2468617845	0.2494830266	0.2536065146	0.4025239855	0.3018145343	0.2408889432	0.2406613315	0.2400622789	0.2426300814	0.2435923718	0.2441850010	0.2551342920	0.2419518599	0.2813602042	0.2865005191	0.2684206682	0.2719316658	0.2732357036	0.2713699815	0.2713688022	0.2794903957	0.2887161781	0.2821457934	0.2948878840	0.2910555770	0.2798410151	0.2886747671	0.2921086395	0.2906605629	0.2831286792	0.2859554241	0.2813598929	0.2817852246	0.2800264213	0.2815971091	0.2705944827	0.2801763718	0.2656556346	0.3139971692
c_ll_cr_0208	0.3089481101	0.1656747153	0.1981504218	0.1928746957	0.0000000000	0.1934643028	0.1531227487	0.2848449891	0.2838968239	0.3665416849	0.5629774264	0.2223459804	0.2356972872	0.2348089034	0.2395834274	0.2381528364	0.2423060913	0.2377974552	0.2308125046	0.2335824866	0.2326269398	0.2380251288	0.2320874265	0.2374797164	0.2323316020	0.2295644097	0.2356717217	0.2359461875	0.2337927846	0.2325994673	0.2491958813	0.2487849576	0.2489145448	0.2498528292	0.2561514995	0.2451896509	0.2489277534	0.2519365856	0.3969004412	0.3013550383	0.2342209122	0.2327359604	0.2297559056	0.2350852133	0.2359553325	0.2374064473	0.2461469732	0.2323604720	0.2790390565	0.2845208136	0.2635532700	0.2685428560	0.2689651362	0.2665113399	0.2674600018	0.2772477178	0.2871571495	0.2789931019	0.2937206904	0.2891793284	0.2783328886	0.2879423210	0.2906364493	0.2879275922	0.2804627353	0.2825450196	0.2792468979	0.2766003351	0.2781848199	0.2802809124	0.2667715119	0.2785848297	0.2674343454	0.3154823889
c_ll_cr_0209	0.3093994574	0.1889931926	0.1694116513	0.1269757068	0.1934643028	0.0000000000	0.1901670703	0.2875307336	0.2865786318	0.3684085740	0.5686509062	0.2285751611	0.2424554118	0.2417639211	0.2434430378	0.2428954056	0.2482047338	0.2425763557	0.2370872270	0.2400320947	0.2376108267	0.2433955366	0.2377535905	0.2421075178	0.2379330007	0.2370346270	0.2412172725	0.2430992555	0.2378576896	0.2380909120	0.2523334621	0.2527637628	0.2536609678	0.2531276355	0.2574058351	0.2488902115	0.2510718772	0.2542943362	0.4021141087	0.3026134883	0.2410029115	0.2401096869	0.2389296864	0.2420108746	0.2436763803	0.2447752544	0.2543706319	0.2423341312	0.2827021117	0.2872920376	0.2688493399	0.2717779994	0.2729158464	0.2698632732	0.2716809259	0.2794051884	0.2889008370	0.2827935918	0.2949781806	0.2909376454	0.2801984093	0.2888578091	0.2918967947	0.2913759171	0.2816171065	0.2857231264	0.2813848126	0.2809926117	0.2794187519	0.2808610870	0.2704103884	0.2792425216	0.2667551842	0.3124422392
c_ll_cr_0212	0.3048108431	0.1606711360	0.1883486770	0.1912002863	0.1531227487	0.1901670703	0.0000000000	0.2767592177	0.2835418905	0.3598712235	0.5607140885	0.2037707810	0.2285139939	0.2342000328	0.2338313774	0.2308394390	0.2355267076	0.2319832821	0.2286724021	0.2340890061	0.2293910049	0.2299566571	0.2302291471	0.2296924680	0.2253094158	0.2286148756	0.2339097550	0.2280743906	0.2330184302	0.2251515393	0.2430662439	0.2424211456	0.2420335445	0.2437130491	0.2508060423	0.2462264659	0.2494861602	0.2459867135	0.3923720821	0.3029253817	0.2229898597	0.2303393215	0.2288072943	0.2246884193	0.2264310470	0.2291829281	0.2388740705	0.2323967668	0.2789896855	0.2796388875	0.2638628437	0.2624269237	0.2678374219	0.2662283567	0.2671823017	0.2697637496	0.2831393373	0.2768843287	0.2828445066	0.2814972638	0.2594579835	0.2784786982	0.2814039800	0.2789431120	0.2702890030	0.2751715133	0.2703817376	0.2680035596	0.2698919359	0.2712421952	0.2424516362	0.2766497769	0.2634090088	0.3146209634
c_ll_ka_0184	0.3496562584	0.2869147180	0.2844068136	0.2880793046	0.2848449891	0.2875307336	0.2767592177	0.0000000000	0.2359767013	0.3211041390	0.5405884197	0.2731420193	0.2784431480	0.2853253612	0.2818941454	0.2822423031	0.2836556563	0.2805219302	0.2826581299	0.2840041157	0.2838039266	0.2801079639	0.2842425710	0.2813568067	0.2766594366	0.2823031480	0.2898129990	0.2826365260	0.2879029040	0.2762627413	0.2886443066	0.2882401580	0.2886107247	0.2900292771	0.2947063551	0.2939915215	0.2953827285	0.2902291050	0.3672512976	0.2736827784	0.2814055908	0.2884504252	0.2863965779	0.2842039105	0.2824445104	0.2849349674	0.2942960336	0.2915097620	0.2355412662	0.2354352490	0.2458163815	0.2453974424	0.2449773995	0.2521443510	0.2439076651	0.2395862315	0.2459786652	0.2386192008	0.2464149578	0.2416434658	0.2371057840	0.2402908974	0.2426821691	0.2378321336	0.2439908135	0.2323925264	0.2452631269	0.2381610422	0.2393348532	0.2462919543	0.2331465834	0.2418981186	0.3161614600	0.3590073023
c_ll_ka_0186	0.3528565498	0.2852374268	0.2912553503	0.2861806487	0.2838968239	0.2865786318	0.2835418905	0.2359767013	0.0000000000	0.3252497403	0.5416820969	0.2711031442	0.2860550220	0.2827877630	0.2883576355	0.2872236859	0.2904155733	0.2857379723	0.2815483969	0.2814210225	0.2813300874	0.2858625257	0.2831022787	0.2872745272	0.2832679886	0.2810199173	0.2868445546	0.2887886821	0.2840547528	0.2824927650	0.2939588698	0.2929701343	0.2937457282	0.2947283174	0.2985380401	0.2897202603	0.2926356486	0.2943492241	0.3721149113	0.2683744775	0.2861873541	0.2846701358	0.2832027997	0.2887714863	0.2874032894	0.2897292553	0.2990756688	0.2880742490	0.2328751415	0.2379503162	0.2433629451	0.2510075851	0.2383571739	0.2493867692	0.2396518189	0.2437745013	0.2418036294	0.2348059318	0.2523344614	0.2464175328	0.2334131963	0.2437221872	0.2455025231	0.2443831527	0.2474078123	0.2378013947	0.2476851131	0.2437241295	0.2439834985	0.2452801390	0.2352780926	0.2387034022	0.3197295236	0.3583509515
c_ll_ka_0188	0.4175574307	0.3677223555	0.3644975990	0.3696403158	0.3665416849	0.3684085740	0.3598712235	0.3211041390	0.3252497403	0.0000000000	0.5363661846	0.3548318807	0.3599910849	0.3669821201	0.3630079111	0.3619891713	0.3643118677	0.3596031321	0.3626510425	0.3638736211	0.3635203229	0.3603884902	0.3639100779	0.3623966777	0.3582014236	0.3624475396	0.3697547294	0.3641011895	0.3681432038	0.3571751836	0.3679720564	0.3678858148	0.3691530141	0.3694273147	0.3752383506	0.3723416502	0.3750850128	0.3698667012	0.3658463468	0.3562597396	0.3619009647	0.3670802880	0.3661075429	0.3643671952	0.3631241977	0.3659772384	0.3731963707	0.3700366201	0.3218665204	0.3217937628	0.3336081342	0.3306497165	0.3302224343	0.3360514035	0.3293651793	0.3254456843	0.3320304222	0.3255957271	0.3317186573	0.3293589733	0.3235764808	0.3262940487	0.3277701796	0.3255207170	0.3299878941	0.3208367219	0.3289379771	0.3265728710	0.3262028051	0.3306500009	0.3211949186	0.3302140483	0.3916487921	0.4272164880
c_ll_ka_0189	0.5815054671	0.5633932229	0.5631801536	0.5687196617	0.5629774264	0.5686509062	0.5607140885	0.5405884197	0.5416820969	0.5363661846	0.0000000000	0.5543498863	0.5581135166	0.5626849438	0.5610949786	0.5598648630	0.5609928721	0.5592076861	0.5611769148	0.5615509234	0.5603167942	0.5595323323	0.5621776830	0.5592727570	0.5560087091	0.5575970426	0.5636734545	0.5617328830	0.5639244787	0.5541333118	0.5674596849	0.5671480549	0.5681966002	0.5693011060	0.5758293512	0.5730779390	0.5764908734	0.5712997375	0.5347891294	0.5674020971	0.5621030849	0.5662030752	0.5641002799	0.5649560411	0.5609648363	0.5649773228	0.5663263235	0.5657878360	0.5413221679	0.5395001076	0.5415372143	0.5402466649	0.5393475868	0.5440293567	0.5397511474	0.5379941937	0.5490971708	0.5418452312	0.5477236016	0.5430704583	0.5432005259	0.5432444953	0.5445984132	0.5419402193	0.5456508761	0.5384038245	0.5450696440	0.5399690642	0.5407403930	0.5470159497	0.5385565691	0.5413981285	0.5778338396	0.5887883322
c_ll_ki_0090	0.3128076239	0.2243225883	0.2355558510	0.2287137771	0.2223459804	0.2285751611	0.2037707810	0.2731420193	0.2711031442	0.3548318807	0.5543498863	0.0000000000	0.2050573800	0.1993189066	0.2062629232	0.2024614424	0.2062671799	0.1980602634	0.1977902728	0.1982412485	0.1952678128	0.2020973494	0.1970286975	0.2048928501	0.2111663925	0.2065765596	0.2161512154	0.2148466761	0.2141247647	0.2097737880	0.2234903126	0.2231547637	0.2237745782	0.2243728233	0.2304544735	0.2155524556	0.2237738882	0.2256857606	0.3868441230	0.2950574249	0.2139956727	0.2165527235	0.2125457760	0.2170796533	0.2158203509	0.2220964489	0.2308818045	0.2179185117	0.2648269822	0.2723279610	0.2443111630	0.2491196255	0.2506422907	0.2482149475	0.2501632936	0.2603352257	0.2735442203	0.2668231649	0.2797145742	0.2776094993	0.2491841896	0.2763965987	0.2793274314	0.2758387015	0.2614327324	0.2701729864	0.2621719028	0.2603392285	0.2606640635	0.2629517784	0.2349491615	0.2612049470	0.2714471356	0.3187026810
c_ll_ki_0091	0.3139893097	0.2388952164	0.2414858900	0.2432784547	0.2356972872	0.2424554118	0.2285139939	0.2784431480	0.2860550220	0.3599910849	0.5581135166	0.2050573800	0.0000000000	0.2134465503	0.2122200810	0.2089869438	0.2144490425	0.2074390080	0.2104436393	0.2123078617	0.2077757626	0.2092801762	0.2131572397	0.2093765035	0.2175188805	0.2189488727	0.2273614908	0.2224428472	0.2271711708	0.2165041230	0.2269578636	0.2258421336	0.2261049999	0.2264549424	0.2330270068	0.2303300476	0.2337709074	0.2287333993	0.3928411591	0.3045038746	0.2223619307	0.2279800821	0.2283365094	0.2234490127	0.2231094296	0.2264786077	0.2366127229	0.2294325638	0.2791214370	0.2792972947	0.2614343644	0.2573067639	0.2676313907	0.2629977193	0.2663787590	0.2671646327	0.2909947576	0.2825987949	0.2865408197	0.2836218209	0.2814296589	0.2844921630	0.2859339800	0.2840753559	0.2725597569	0.2775430063	0.2701510617	0.2698968336	0.2697922489	0.2757728645	0.2589631380	0.2767546232	0.2741535838	0.3234841012
c_ll_ki_0092	0.3181468157	0.2371239010	0.2471381228	0.2406184846	0.2348089034	0.2417639211	0.2342000328	0.2853253612	0.2827877630	0.3669821201	0.5626849438	0.1993189066	0.2134465503	0.0000000000	0.2136551097	0.2088451436	0.2118655755	0.2103125505	0.2051234504	0.2019043883	0.2077201424	0.2096399018	0.2083353178	0.2134650658	0.2236483487	0.2206545507	0.2271038455	0.2302790237	0.2261713485	0.2241881208	0.2310614791	0.2304093862	0.2312744919	0.2314436910	0.2363479732	0.2237038397	0.2309614571	0.2319756421	0.3985014806	0.3039425665	0.2264524311	0.2281162798	0.2259898097	0.2300447485	0.2295518656	0.2327330852	0.2411191551	0.2304421370	0.2789313103	0.2834424475	0.2577309744	0.2614841767	0.2656751692	0.2613991364	0.2646423358	0.2722101115	0.2883240633	0.2826455389	0.2936730421	0.2886177191	0.2802149716	0.2926197280	0.2925975109	0.2906575026	0.2757489725	0.2826204928	0.2758599032	0.2744810965	0.2750004279	0.2770196306	0.2633637935	0.2745529655	0.2798236211	0.3211891011
c_ll_ki_0093	0.3168392535	0.2440101510	0.2434619607	0.2460548518	0.2395834274	0.2434430378	0.2338313774	0.2818941454	0.2883576355	0.3630079111	0.5610949786	0.2062629232	0.2122200810	0.2136551097	0.0000000000	0.2068858970	0.2125911392	0.1936313769	0.2106305875	0.2141912091	0.2119492967	0.2093816299	0.2131815533	0.2107157819	0.2214122600	0.2262320396	0.2323491817	0.2282592477	0.2325265678	0.2230968897	0.2308221690	0.2299057294	0.2301629788	0.2306345603	0.2347690585	0.2312634842	0.2344002966	0.2316909551	0.3958228021	0.3080913890	0.2260714046	0.2334187313	0.2309465403	0.2297309415	0.2298311104	0.2320060092	0.2408621917	0.2350165260	0.2829394568	0.2828818945	0.2640584281	0.2594786554	0.2699998901	0.2679536486	0.2680989143	0.2686541529	0.2937379715	0.2867126662	0.2898771731	0.2865645490	0.2838068711	0.2878825490	0.2903653642	0.2881277773	0.2729261814	0.2801663401	0.2739933411	0.2726375530	0.2728143678	0.2750620982	0.2614389952	0.2795295230	0.2768087482	0.3258470418
c_ll_ki_0094	0.3154201917	0.2403937409	0.2440631062	0.2444037370	0.2381528364	0.2428954056	0.2308394390	0.2822423031	0.2872236859	0.3619891713	0.5598648630	0.2024614424	0.2089869438	0.2088451436	0.2068858970	0.0000000000	0.2082924498	0.2021181694	0.2071813542	0.2047608695	0.2095016119	0.2045390019	0.2078463391	0.2079826520	0.2200040763	0.2241726143	0.2298157090	0.2262264673	0.2277944556	0.2212821601	0.2272876512	0.2288406991	0.2286001735	0.2295704761	0.2329966474	0.2283751489	0.2335271286	0.2286298219	0.3945588598	0.3087649014	0.2227054979	0.2318974933	0.2302079136	0.2266099492	0.2254153888	0.2304298521	0.2396404589	0.2321550237	0.2817038972	0.2819594657	0.2630431440	0.2579955098	0.2678345641	0.2633745221	0.2666790448	0.2670858734	0.2913388664	0.2853978236	0.2891361522	0.2863501752	0.2816799308	0.2865483167	0.2889000459	0.2864227255	0.2725208477	0.2795211597	0.2720586284	0.2695990315	0.2704837864	0.2725762066	0.2582540177	0.2779564650	0.2754358862	0.3250364422
c_ll_ki_0095	0.3181767418	0.2445438602	0.2456182200	0.2483217653	0.2423060913	0.2482047338	0.2355267076	0.2836556563	0.2904155733	0.3643118677	0.5609928721	0.2062671799	0.2144490425	0.2118655755	0.2125911392	0.2082924498	0.0000000000	0.2088936629	0.2154391081	0.2136837743	0.2146559751	0.2081519180	0.2158678406	0.2146903161	0.2259005253	0.2292803568	0.2364314400	0.2318737252	0.2353622458	0.2263562897	0.2324882960	0.2323983651	0.2341107999	0.2352758434	0.2374505429	0.2360549756	0.2395399257	0.2356354888	0.3974743195	0.3098000648	0.2311811943	0.2367518491	0.2369493489	0.2346025253	0.2331848804	0.2356862437	0.2447368894	0.2397491822	0.2858043055	0.2850585106	0.2654275515	0.2612538059	0.2711505598	0.2666735494	0.2720879979	0.2707695571	0.2957873303	0.2900854499	0.2921848380	0.2897641715	0.2868378720	0.2907597288	0.2922933512	0.2893254867	0.2760419742	0.2824978331	0.2750865521	0.2731213852	0.2727477633	0.2766401174	0.2628531927	0.2816710350	0.2768829003	0.3262007665
c_ll_ki_0096	0.3154356111	0.2403756425	0.2429948048	0.2432479258	0.2377974552	0.2425763557	0.2319832821	0.2805219302	0.2857379723	0.3596031321	0.5592076861	0.1980602634	0.2074390080	0.2103125505	0.1936313769	0.2021181694	0.2088936629	0.0000000000	0.2067564797	0.2094115076	0.2082048447	0.2037959446	0.2093495364	0.2089918164	0.2185574228	0.2227506860	0.2283143405	0.2259993892	0.2286212573	0.2198507900	0.2260771809	0.2263222119	0.2287047623	0.2288512820	0.2335348579	0.2297360191	0.2333714588	0.2285831476	0.3930442984	0.3070869908	0.2222885997	0.2300208058	0.2276033476	0.2259696906	0.2247018617	0.2279539432	0.2380322448	0.2310422102	0.2808974673	0.2806486355	0.2607577662	0.2570472590	0.2653934615	0.2632031302	0.2662275700	0.2673006145	0.2898473311	0.2838480810	0.2876750573	0.2853804821	0.2811386473	0.2852972583	0.2864472275	0.2849070385	0.2706046465	0.2777563094	0.2708378247	0.2681784747	0.2690273712	0.2726100057	0.2583820201	0.2768546699	0.2746540426	0.3234220255
c_ll_ki_0097	0.3161304729	0.2348850319	0.2431331803	0.2365525375	0.2308125046	0.2370872270	0.2286724021	0.2826581299	0.2815483969	0.3626510425	0.5611769148	0.1977902728	0.2104436393	0.2051234504	0.2106305875	0.2071813542	0.2154391081	0.2067564797	0.0000000000	0.2045170033	0.2010251384	0.2109808328	0.2051732570	0.2104040726	0.2187230723	0.2162864456	0.2238182045	0.2260561763	0.2216164436	0.2205938405	0.2265192256	0.2263925979	0.2276908471	0.2283864073	0.2325296744	0.2212298879	0.2276934641	0.2288457593	0.3958753170	0.3012482299	0.2229940349	0.2247755362	0.2219180972	0.2272410779	0.2251311939	0.2273834975	0.2372861012	0.2251692235	0.2767855591	0.2815166635	0.2564544990	0.2596597811	0.2624145450	0.2599944254	0.2624454389	0.2696719820	0.2847281814	0.2786617326	0.2903275316	0.2870708372	0.2755761600	0.2872809131	0.2900344792	0.2870936943	0.2735663271	0.2786393509	0.2732501772	0.2719454636	0.2734937635	0.2750076506	0.2593719634	0.2737472420	0.2761790204	0.3196494110
c_ll_ki_0098	0.3177226235	0.2367738304	0.2456092866	0.2391745524	0.2335824866	0.2400320947	0.2340890061	0.2840041157	0.2814210225	0.3638736211	0.5615509234	0.1982412485	0.2123078617	0.2019043883	0.2141912091	0.2047608695	0.2136837743	0.2094115076	0.2045170033	0.0000000000	0.2049552228	0.2080615453	0.2072140443	0.2152847840	0.2240128722	0.2218004932	0.2253091470	0.2277722345	0.2263837833	0.2229309355	0.2332497267	0.2313591973	0.2344368593	0.2344523707	0.2378322762	0.2265764907	0.2328350124	0.2353748888	0.3984538645	0.3025169005	0.2265825263	0.2264334045	0.2261411325	0.2310819198	0.2297856398	0.2349757295	0.2425618114	0.2285699482	0.2778710376	0.2828467975	0.2574376055	0.2614254611	0.2635510361	0.2619246864	0.2630997616	0.2716321849	0.2876837888	0.2808550936	0.2921298607	0.2891845670	0.2791560658	0.2900193783	0.2920836974	0.2896308057	0.2759984055	0.2815407071	0.2753322544	0.2737336881	0.2740482306	0.2767630173	0.2605947502	0.2748480913	0.2773682926	0.3212404170
c_ll_ki_0099	0.3163980642	0.2335736859	0.2431396292	0.2379237080	0.2326269398	0.2376108267	0.2293910049	0.2838039266	0.2813300874	0.3635203229	0.5603167942	0.1952678128	0.2077757626	0.2077201424	0.2119492967	0.2095016119	0.2146559751	0.2082048447	0.2010251384	0.2049552228	0.0000000000	0.2107317874	0.2034881500	0.2102277561	0.2208580572	0.2162189614	0.2241544619	0.2272234083	0.2242990251	0.2198576251	0.2283763813	0.2263761860	0.2292361703	0.2288483922	0.2364172695	0.2242783135	0.2306933354	0.2300646798	0.3960735477	0.3018446665	0.2261657894	0.2266226102	0.2241675776	0.2270298968	0.2270184614	0.2311634292	0.2400181459	0.2265466725	0.2757028190	0.2816189749	0.2569712475	0.2601153494	0.2631300653	0.2585674325	0.2631338666	0.2692916892	0.2857112444	0.2787289211	0.2909717429	0.2874023634	0.2764228363	0.2888520268	0.2904173353	0.2889207490	0.2732885509	0.2805327498	0.2712818184	0.2721462833	0.2734935083	0.2760791625	0.2595182258	0.2744126335	0.2759834208	0.3205899431
c_ll_ki_0100	0.3149169020	0.2414824303	0.2430391866	0.2441614216	0.2380251288	0.2433955366	0.2299566571	0.2801079639	0.2858625257	0.3603884902	0.5595323323	0.2020973494	0.2092801762	0.2096399018	0.2093816299	0.2045390019	0.2081519180	0.2037959446	0.2109808328	0.2080615453	0.2107317874	0.0000000000	0.2137096314	0.2120249548	0.2202605735	0.2247708546	0.2326581776	0.2277341315	0.2313980439	0.2215855234	0.2263567765	0.2276661782	0.2299244364	0.2317414071	0.2360317553	0.2326882947	0.2356615448	0.2300312726	0.3950160129	0.3060660769	0.2255278503	0.2339862668	0.2322179991	0.2287576066	0.2276592510	0.2307683276	0.2413119794	0.2345040989	0.2810390642	0.2812843929	0.2608414258	0.2567359445	0.2670828577	0.2634472991	0.2679027785	0.2658653774	0.2912914272	0.2853203602	0.2879793686	0.2851773678	0.2826703687	0.2862366465	0.2874694881	0.2861027983	0.2697530860	0.2773310024	0.2712313282	0.2684929181	0.2692948454	0.2726492538	0.2582442564	0.2772109443	0.2764469329	0.3254779941
c_ll_ki_0101	0.3155300513	0.2327184256	0.2441230672	0.2388911818	0.2320874265	0.2377535905	0.2302291471	0.2842425710	0.2831022787	0.3639100779	0.5621776830	0.1970286975	0.2131572397	0.2083353178	0.2131815533	0.2078463391	0.2158678406	0.2093495364	0.2051732570	0.2072140443	0.2034881500	0.2137096314	0.0000000000	0.2098876923	0.2216960630	0.2165141956	0.2257982525	0.2290637731	0.2243284312	0.2214395416	0.2285541682	0.2279946083	0.2285827367	0.2307799218	0.2345897112	0.2229673238	0.2288711895	0.2297763710	0.3980890505	0.3020824397	0.2275369809	0.2274869330	0.2250401949	0.2303411480	0.2287580432	0.2313732319	0.2407429886	0.2303090435	0.2779833236	0.2822991240	0.2572588110	0.2619511179	0.2633174901	0.2612597360	0.2640462287	0.2702394330	0.2869374898	0.2817313170	0.2921309006	0.2880278910	0.2792953226	0.2899466348	0.2910263832	0.2894610088	0.2740840951	0.2821940065	0.2747927948	0.2723466739	0.2738263262	0.2753811626	0.2615564446	0.2738369662	0.2755497562	0.3193587613
c_ll_ki_0102	0.3152272522	0.2398723574	0.2418335158	0.2433061570	0.2374797164	0.2421075178	0.2296924680	0.2813568067	0.2872745272	0.3623966777	0.5592727570	0.2048928501	0.2093765035	0.2134650658	0.2107157819	0.2079826520	0.2146903161	0.2089918164	0.2104040726	0.2152847840	0.2102277561	0.2120249548	0.2098876923	0.0000000000	0.2186389474	0.2215872319	0.2295175760	0.2268528805	0.2287874908	0.2200681244	0.2260593398	0.2244393000	0.2264013740	0.2258588185	0.2303831580	0.2261023999	0.2292883103	0.2263473474	0.3944114122	0.3074404202	0.2246378743	0.2330070680	0.2318246191	0.2271306674	0.2258670265	0.2314794890	0.2392264734	0.2340871728	0.2819502017	0.2812125528	0.2624038532	0.2572663031	0.2674279381	0.2652089635	0.2684891231	0.2683581770	0.2904281806	0.2857114348	0.2874971073	0.2852409054	0.2820847279	0.2861223963	0.2876533856	0.2855283561	0.2721799338	0.2791049468	0.2714441335	0.2709634026	0.2706043786	0.2736299505	0.2585535138	0.2780204898	0.2751876024	0.3249683739
c_ll_la_0044	0.3146187385	0.2352677129	0.2375981295	0.2387267236	0.2323316020	0.2379330007	0.2253094158	0.2766594366	0.2832679886	0.3582014236	0.5560087091	0.2111663925	0.2175188805	0.2236483487	0.2214122600	0.2200040763	0.2259005253	0.2185574228	0.2187230723	0.2240128722	0.2208580572	0.2202605735	0.2216960630	0.2186389474	0.0000000000	0.2083899277	0.2163127886	0.2053604142	0.2041617844	0.1956808256	0.2334086935	0.2315274448	0.2322367237	0.2329801009	0.2386851528	0.2347570433	0.2386750878	0.2352216325	0.3915031330	0.3048852302	0.2097195182	0.2208209302	0.2169257104	0.2127287955	0.2104563873	0.2129606033	0.2258903578	0.2202157524	0.2799091749	0.2769691059	0.2608795649	0.2570688587	0.2662047050	0.2637537014	0.2655473490	0.2650137799	0.2892817720	0.2813816451	0.2853669734	0.2816505491	0.2800448597	0.2826747059	0.2827696535	0.2821184706	0.2692932272	0.2745487844	0.2683812917	0.2674758606	0.2670590524	0.2720266449	0.2570364527	0.2766987631	0.2737494317	0.3259875344
c_ll_la_0047	0.3152677611	0.2319286052	0.2410026905	0.2361534384	0.2295644097	0.2370346270	0.2286148756	0.2823031480	0.2810199173	0.3624475396	0.5575970426	0.2065765596	0.2189488727	0.2206545507	0.2262320396	0.2241726143	0.2292803568	0.2227506860	0.2162864456	0.2218004932	0.2162189614	0.2247708546	0.2165141956	0.2215872319	0.2083899277	0.0000000000	0.2127785146	0.2150484593	0.2111133214	0.2060868833	0.2341441628	0.2307908856	0.2338504807	0.2352420937	0.2418592914	0.2311088228	0.2357035073	0.2369689133	0.3946631079	0.3009797611	0.2167010768	0.2182886281	0.2120184130	0.2194420014	0.2165574555	0.2201645799	0.2292289110	0.2174496877	0.2769948059	0.2804601522	0.2582594538	0.2612700308	0.2640068645	0.2620041156	0.2636431214	0.2704533260	0.2866126490	0.2792763577	0.2920011861	0.2859452663	0.2786970610	0.2882636960	0.2900152276	0.2881561507	0.2755739798	0.2788056190	0.2749734476	0.2716556570	0.2719713969	0.2768967531	0.2635334445	0.2730903074	0.2748650224	0.3209382359
c_ll_la_0048	0.3214056940	0.2388852661	0.2479538636	0.2403852698	0.2356717217	0.2412172725	0.2339097550	0.2898129990	0.2868445546	0.3697547294	0.5636734545	0.2161512154	0.2273614908	0.2271038455	0.2323491817	0.2298157090	0.2364314400	0.2283143405	0.2238182045	0.2253091470	0.2241544619	0.2326581776	0.2257982525	0.2295175760	0.2163127886	0.2127785146	0.0000000000	0.2086589065	0.2039494076	0.2132319398	0.2429929420	0.2418581724	0.2438792422	0.2455093269	0.2489913747	0.2374074059	0.2421418384	0.2449213419	0.4007200505	0.3056463117	0.2225305727	0.2238050040	0.2205174167	0.2262600550	0.2244305666	0.2263125269	0.2366281128	0.2254542868	0.2846506749	0.2894989452	0.2653331439	0.2687583112	0.2715196581	0.2698118510	0.2712389257	0.2786942935	0.2938374979	0.2857648775	0.2985397201	0.2921198452	0.2848231070	0.2948168298	0.2967656604	0.2949967184	0.2831644506	0.2874878055	0.2823618015	0.2812354523	0.2810893755	0.2837876033	0.2708326545	0.2825973989	0.2799729734	0.3250707891
c_ll_la_0052	0.3170934411	0.2398573849	0.2416640588	0.2443537379	0.2359461875	0.2430992555	0.2280743906	0.2826365260	0.2887886821	0.3641011895	0.5617328830	0.2148466761	0.2224428472	0.2302790237	0.2282592477	0.2262264673	0.2318737252	0.2259993892	0.2260561763	0.2277722345	0.2272234083	0.2277341315	0.2290637731	0.2268528805	0.2053604142	0.2150484593	0.2086589065	0.0000000000	0.1925447789	0.2078849999	0.2374912980	0.2360411856	0.2379360724	0.2391588118	0.2432193001	0.2403726932	0.2451079301	0.2408258093	0.3963576118	0.3083103500	0.2114272588	0.2187912724	0.2162870544	0.2134290469	0.2118110532	0.2150978252	0.2274853811	0.2188970401	0.2849561999	0.2843333776	0.2665145806	0.2627783065	0.2725494794	0.2685038355	0.2724377750	0.2728022624	0.2934333415	0.2858856407	0.2900807938	0.2851696637	0.2837481463	0.2862768956	0.2889988873	0.2861016967	0.2752343645	0.2810184695	0.2751054242	0.2729994018	0.2738635263	0.2766342301	0.2634767225	0.2814229176	0.2749849875	0.3283556671
c_ll_la_0053	0.3174409250	0.2349647068	0.2448826711	0.2381757560	0.2337927846	0.2378576896	0.2330184302	0.2879029040	0.2840547528	0.3681432038	0.5639244787	0.2141247647	0.2271711708	0.2261713485	0.2325265678	0.2277944556	0.2353622458	0.2286212573	0.2216164436	0.2263837833	0.2242990251	0.2313980439	0.2243284312	0.2287874908	0.2041617844	0.2111133214	0.2039494076	0.1925447789	0.0000000000	0.2143500987	0.2418483227	0.2383797092	0.2402094071	0.2434170128	0.2433843686	0.2358080658	0.2389577355	0.2428990006	0.3994910204	0.3019101977	0.2125560110	0.2176293016	0.2140278397	0.2212553672	0.2144227739	0.2203306486	0.2324733177	0.2169755117	0.2829894842	0.2871933376	0.2633876173	0.2668544889	0.2687058765	0.2663868532	0.2674103849	0.2767759252	0.2907047204	0.2831547821	0.2959447037	0.2893254867	0.2827903385	0.2917248893	0.2923788154	0.2917723081	0.2805711334	0.2844500441	0.2795719486	0.2776922207	0.2786950765	0.2816847105	0.2692264958	0.2793416828	0.2774316191	0.3229624716
c_ll_la_0054	0.3121169228	0.2345792870	0.2359515167	0.2385433452	0.2325994673	0.2380909120	0.2251515393	0.2762627413	0.2824927650	0.3571751836	0.5541333118	0.2097737880	0.2165041230	0.2241881208	0.2230968897	0.2212821601	0.2263562897	0.2198507900	0.2205938405	0.2229309355	0.2198576251	0.2215855234	0.2214395416	0.2200681244	0.1956808256	0.2060868833	0.2132319398	0.2078849999	0.2143500987	0.0000000000	0.2297922732	0.2290479725	0.2314317285	0.2311700975	0.2356201788	0.2336923084	0.2367434994	0.2313130778	0.3898440595	0.3031626512	0.2143968224	0.2183741597	0.2157423642	0.2132082319	0.2137953416	0.2156734464	0.2243063382	0.2241671430	0.2777637139	0.2759149491	0.2618889102	0.2570313534	0.2665182348	0.2638170759	0.2640322735	0.2647329374	0.2904109019	0.2823399602	0.2859160446	0.2809773220	0.2811932673	0.2824423288	0.2836515048	0.2819372810	0.2693145313	0.2738891870	0.2693108536	0.2673565927	0.2667043751	0.2703498211	0.2581141821	0.2748506867	0.2708343154	0.3234971042
c_ll_no_0075	0.3206383141	0.2505130701	0.2499811906	0.2519497685	0.2491958813	0.2523334621	0.2430662439	0.2886443066	0.2939588698	0.3679720564	0.5674596849	0.2234903126	0.2269578636	0.2310614791	0.2308221690	0.2272876512	0.2324882960	0.2260771809	0.2265192256	0.2332497267	0.2283763813	0.2263567765	0.2285541682	0.2260593398	0.2334086935	0.2341441628	0.2429929420	0.2374912980	0.2418483227	0.2297922732	0.0000000000	0.1779826982	0.1879892045	0.1883080509	0.1972701468	0.1981710228	0.1945427297	0.1902789483	0.4011193926	0.3118409433	0.2386411713	0.2436652353	0.2416686510	0.2392768139	0.2414431379	0.2387969244	0.2492571209	0.2446370821	0.2893785362	0.2875514764	0.2729673211	0.2697856926	0.2778853357	0.2758793958	0.2791616033	0.2784331878	0.2970683374	0.2926724735	0.2950982913	0.2920162486	0.2903294573	0.2932533230	0.2946995512	0.2934839789	0.2818424935	0.2874414474	0.2814267891	0.2805152897	0.2799289088	0.2829760620	0.2729886365	0.2869904809	0.2816973978	0.3292133631
c_ll_no_0076	0.3191019029	0.2490686823	0.2489595963	0.2517793772	0.2487849576	0.2527637628	0.2424211456	0.2882401580	0.2929701343	0.3678858148	0.5671480549	0.2231547637	0.2258421336	0.2304093862	0.2299057294	0.2288406991	0.2323983651	0.2263222119	0.2263925979	0.2313591973	0.2263761860	0.2276661782	0.2279946083	0.2244393000	0.2315274448	0.2307908856	0.2418581724	0.2360411856	0.2383797092	0.2290479725	0.1779826982	0.0000000000	0.1712956148	0.1739329577	0.1857536264	0.1896917839	0.1876153674	0.1845835020	0.4006805948	0.3102244616	0.2376358588	0.2409165663	0.2405902200	0.2376994265	0.2389503015	0.2374892771	0.2475165983	0.2442162107	0.2904221569	0.2875162152	0.2737584857	0.2686811504	0.2780409958	0.2762569505	0.2782545807	0.2775636913	0.2971228856	0.2906954434	0.2948460246	0.2903928724	0.2904759750	0.2932673085	0.2945274514	0.2928998735	0.2822440101	0.2869887249	0.2810309048	0.2800106462	0.2791360636	0.2836215224	0.2725393495	0.2860709200	0.2794883016	0.3288122990
c_ll_no_0077	0.3209836946	0.2504356770	0.2502249073	0.2532861615	0.2489145448	0.2536609678	0.2420335445	0.2886107247	0.2937457282	0.3691530141	0.5681966002	0.2237745782	0.2261049999	0.2312744919	0.2301629788	0.2286001735	0.2341107999	0.2287047623	0.2276908471	0.2344368593	0.2292361703	0.2299244364	0.2285827367	0.2264013740	0.2322367237	0.2338504807	0.2438792422	0.2379360724	0.2402094071	0.2314317285	0.1879892045	0.1712956148	0.0000000000	0.1761823833	0.1852050250	0.1884212876	0.1849547568	0.1808426719	0.4017191020	0.3122408969	0.2381290617	0.2415362793	0.2414108572	0.2378621866	0.2404754152	0.2392810058	0.2493379361	0.2445919509	0.2901806669	0.2874067756	0.2753035161	0.2685906715	0.2781615854	0.2753157594	0.2783680164	0.2781439102	0.2979093322	0.2916326296	0.2945376007	0.2911766391	0.2907959108	0.2932067105	0.2943992496	0.2924230899	0.2823087165	0.2874272436	0.2809811647	0.2795440745	0.2792401713	0.2827397112	0.2713919732	0.2867278126	0.2819236697	0.3284594797
c_ll_no_0078	0.3221069457	0.2515779941	0.2502823653	0.2536407450	0.2498528292	0.2531276355	0.2437130491	0.2900292771	0.2947283174	0.3694273147	0.5693011060	0.2243728233	0.2264549424	0.2314436910	0.2306345603	0.2295704761	0.2352758434	0.2288512820	0.2283864073	0.2344523707	0.2288483922	0.2317414071	0.2307799218	0.2258588185	0.2329801009	0.2352420937	0.2455093269	0.2391588118	0.2434170128	0.2311700975	0.1883080509	0.1739329577	0.1761823833	0.0000000000	0.1844654284	0.1897662707	0.1866341845	0.1854195695	0.4031345521	0.3123945701	0.2403393167	0.2433041503	0.2432918106	0.2390468181	0.2398418543	0.2410385723	0.2495765921	0.2464343030	0.2909962609	0.2882125591	0.2748965455	0.2702651882	0.2804459390	0.2768422730	0.2796958851	0.2793409263	0.2999580271	0.2931858911	0.2958517242	0.2926399060	0.2924302068	0.2951319820	0.2954081237	0.2948344865	0.2843487188	0.2891818113	0.2828283887	0.2804627623	0.2813205856	0.2833279736	0.2735725993	0.2879741227	0.2820465028	0.3309969368
c_ll_no_0079	0.3234269101	0.2557064008	0.2553426570	0.2552328449	0.2561514995	0.2574058351	0.2508060423	0.2947063551	0.2985380401	0.3752383506	0.5758293512	0.2304544735	0.2330270068	0.2363479732	0.2347690585	0.2329966474	0.2374505429	0.2335348579	0.2325296744	0.2378322762	0.2364172695	0.2360317553	0.2345897112	0.2303831580	0.2386851528	0.2418592914	0.2489913747	0.2432193001	0.2433843686	0.2356201788	0.1972701468	0.1857536264	0.1852050250	0.1844654284	0.0000000000	0.1597282262	0.1562445078	0.1721354708	0.4093898016	0.3153941431	0.2428019422	0.2490245956	0.2475876414	0.2459642021	0.2441434636	0.2452321196	0.2552488405	0.2507957758	0.2964824512	0.2943563685	0.2802484755	0.2756036815	0.2830688010	0.2829064591	0.2842111999	0.2846590948	0.3038168344	0.2986470108	0.2995128085	0.2955723159	0.2965674358	0.2992046094	0.3002752592	0.2995519000	0.2879565186	0.2940308091	0.2874400447	0.2872070616	0.2866301343	0.2885047644	0.2793313488	0.2916016412	0.2843362829	0.3329365698
c_ll_no_0080	0.3247687773	0.2457884267	0.2540077819	0.2468617845	0.2451896509	0.2488902115	0.2462264659	0.2939915215	0.2897202603	0.3723416502	0.5730779390	0.2155524556	0.2303300476	0.2237038397	0.2312634842	0.2283751489	0.2360549756	0.2297360191	0.2212298879	0.2265764907	0.2242783135	0.2326882947	0.2229673238	0.2261023999	0.2347570433	0.2311088228	0.2374074059	0.2403726932	0.2358080658	0.2336923084	0.1981710228	0.1896917839	0.1884212876	0.1897662707	0.1597282262	0.0000000000	0.1619501183	0.1666534112	0.4069205264	0.3076051410	0.2399146009	0.2399414828	0.2371157813	0.2418123728	0.2414343458	0.2430756235	0.2533291993	0.2409057900	0.2853936649	0.2904897305	0.2713311722	0.2725782863	0.2742020581	0.2730914082	0.2729591601	0.2810470207	0.2930520271	0.2879147984	0.2973619731	0.2946917734	0.2849819294	0.2958696465	0.2977759766	0.2973674748	0.2849460115	0.2917066583	0.2847084342	0.2848798167	0.2843409939	0.2870769088	0.2743975112	0.2822974440	0.2872349867	0.3284253567
c_ll_no_0081	0.3248417941	0.2500310521	0.2563025324	0.2494830266	0.2489277534	0.2510718772	0.2494861602	0.2953827285	0.2926356486	0.3750850128	0.5764908734	0.2237738882	0.2337709074	0.2309614571	0.2344002966	0.2335271286	0.2395399257	0.2333714588	0.2276934641	0.2328350124	0.2306933354	0.2356615448	0.2288711895	0.2292883103	0.2386750878	0.2357035073	0.2421418384	0.2451079301	0.2389577355	0.2367434994	0.1945427297	0.1876153674	0.1849547568	0.1866341845	0.1562445078	0.1619501183	0.0000000000	0.1594666383	0.4093573406	0.3089021656	0.2428032967	0.2430677941	0.2424378750	0.2459970744	0.2450877098	0.2470875682	0.2563303074	0.2456773339	0.2895065735	0.2927304926	0.2748204964	0.2756013129	0.2783661541	0.2770685810	0.2782858599	0.2852981552	0.2975921480	0.2929357496	0.3002715072	0.2969378022	0.2906357525	0.3003414051	0.3006459805	0.3001918624	0.2872757254	0.2949343828	0.2865092267	0.2877213309	0.2862521393	0.2890067165	0.2781377308	0.2854402543	0.2867901150	0.3296055821
c_ll_no_0082	0.3219175892	0.2536889724	0.2514627748	0.2536065146	0.2519365856	0.2542943362	0.2459867135	0.2902291050	0.2943492241	0.3698667012	0.5712997375	0.2256857606	0.2287333993	0.2319756421	0.2316909551	0.2286298219	0.2356354888	0.2285831476	0.2288457593	0.2353748888	0.2300646798	0.2300312726	0.2297763710	0.2263473474	0.2352216325	0.2369689133	0.2449213419	0.2408258093	0.2428990006	0.2313130778	0.1902789483	0.1845835020	0.1808426719	0.1854195695	0.1721354708	0.1666534112	0.1594666383	0.0000000000	0.4048312018	0.3122425023	0.2413834935	0.2471882221	0.2445576896	0.2422528647	0.2422433625	0.2425491424	0.2529637139	0.2473461234	0.2911650339	0.2893678934	0.2762389992	0.2714134160	0.2800930121	0.2791529054	0.2799370998	0.2785771762	0.2982282277	0.2936725762	0.2955370590	0.2919790374	0.2920520383	0.2956037159	0.2953622756	0.2951272474	0.2829315936	0.2888897764	0.2824173014	0.2822201663	0.2816183521	0.2858622946	0.2740783169	0.2867894209	0.2832867038	0.3312532695
c_ll_og_0181	0.4435621892	0.3986895171	0.3977553603	0.4025239855	0.3969004412	0.4021141087	0.3923720821	0.3672512976	0.3721149113	0.3658463468	0.5347891294	0.3868441230	0.3928411591	0.3985014806	0.3958228021	0.3945588598	0.3974743195	0.3930442984	0.3958753170	0.3984538645	0.3960735477	0.3950160129	0.3980890505	0.3944114122	0.3915031330	0.3946631079	0.4007200505	0.3963576118	0.3994910204	0.3898440595	0.4011193926	0.4006805948	0.4017191020	0.4031345521	0.4093898016	0.4069205264	0.4093573406	0.4048312018	0.0000000000	0.3825442312	0.3958440354	0.4012232587	0.3993231657	0.3981278717	0.3955844403	0.3984283607	0.4050158065	0.4029507224	0.3699946887	0.3676144746	0.3703023602	0.3661075429	0.3696455645	0.3752956241	0.3692391139	0.3649321167	0.3740487482	0.3666340754	0.3742834421	0.3707093173	0.3671629206	0.3681216501	0.3687248720	0.3680222580	0.3730685811	0.3645337256	0.3719150010	0.3688272442	0.3685911096	0.3736719304	0.3645379032	0.3699973065	0.4217224144	0.4528309548
c_ll_og_0187	0.3641267297	0.3020885202	0.3068300157	0.3018145343	0.3013550383	0.3026134883	0.3029253817	0.2736827784	0.2683744775	0.3562597396	0.5674020971	0.2950574249	0.3045038746	0.3039425665	0.3080913890	0.3087649014	0.3098000648	0.3070869908	0.3012482299	0.3025169005	0.3018446665	0.3060660769	0.3020824397	0.3074404202	0.3048852302	0.3009797611	0.3056463117	0.3083103500	0.3019101977	0.3031626512	0.3118409433	0.3102244616	0.3122408969	0.3123945701	0.3153941431	0.3076051410	0.3089021656	0.3122425023	0.3825442312	0.0000000000	0.3072162601	0.3036161969	0.3032054551	0.3079236412	0.3077895133	0.3084318504	0.3180454442	0.3072038977	0.2677263226	0.2717084611	0.2742323776	0.2797392502	0.2699744094	0.2778075888	0.2710898002	0.2747593521	0.2716876957	0.2653760372	0.2790335467	0.2747821715	0.2640079686	0.2718846557	0.2733671557	0.2740056758	0.2815597421	0.2721738983	0.2796450222	0.2767244023	0.2777701473	0.2787502247	0.2699020658	0.2719847527	0.3316571786	0.3681785470
c_ll_po_0001	0.3164493172	0.2356484327	0.2398259214	0.2408889432	0.2342209122	0.2410029115	0.2229898597	0.2814055908	0.2861873541	0.3619009647	0.5621030849	0.2139956727	0.2223619307	0.2264524311	0.2260714046	0.2227054979	0.2311811943	0.2222885997	0.2229940349	0.2265825263	0.2261657894	0.2255278503	0.2275369809	0.2246378743	0.2097195182	0.2167010768	0.2225305727	0.2114272588	0.2125560110	0.2143968224	0.2386411713	0.2376358588	0.2381290617	0.2403393167	0.2428019422	0.2399146009	0.2428032967	0.2413834935	0.3958440354	0.3072162601	0.0000000000	0.1650211925	0.1833039392	0.1724396873	0.1512307295	0.1777357318	0.2007719913	0.1864976853	0.2826779316	0.2824277079	0.2646397135	0.2604034739	0.2704576774	0.2666341216	0.2686498895	0.2701247204	0.2898180771	0.2829260624	0.2875051971	0.2847683291	0.2796182136	0.2840747994	0.2857433016	0.2841704231	0.2749250569	0.2786183061	0.2736896826	0.2713016508	0.2725277574	0.2760172545	0.2605700382	0.2791809307	0.2756961296	0.3275817891
